1.525000000e-01
4.200750000e-01
5.918250000e-01
8.031500000e-01
8.263750000e-01
1.306550000e+00
1.690025000e+00
1.810950000e+00
1.816775000e+00
2.281850000e+00
2.292800000e+00
2.592525000e+00
2.598575000e+00
2.933600000e+00
3.155925000e+00
3.748250000e+00
3.915625000e+00
4.046350000e+00
4.315025000e+00
4.542625000e+00
4.850025000e+00
4.950225000e+00
4.954675000e+00
5.056650000e+00
5.811750000e+00
6.114900000e+00
6.530100000e+00
6.917600000e+00
7.041050000e+00
7.078875000e+00
7.140175000e+00
7.230300000e+00
7.244075000e+00
7.923275000e+00
8.099675000e+00
8.230675000e+00
8.763175000e+00
9.141475000e+00
9.296125000e+00
9.699525000e+00
