3.227500000e-01
3.540750000e-01
6.812000000e-01
1.182025000e+00
1.511950000e+00
1.521225000e+00
1.548425000e+00
1.885300000e+00
1.890150000e+00
2.492900000e+00
2.522425000e+00
2.621325000e+00
2.861750000e+00
3.410200000e+00
4.035450000e+00
4.119975000e+00
4.186575000e+00
4.210075000e+00
4.528525000e+00
5.260225000e+00
5.704475000e+00
5.782300000e+00
5.836125000e+00
5.961500000e+00
6.073275000e+00
6.313325000e+00
6.380000000e+00
6.553275000e+00
6.598650000e+00
6.889900000e+00
6.940900000e+00
7.304800000e+00
7.310450000e+00
7.578475000e+00
7.624600000e+00
7.710150000e+00
8.095850000e+00
8.161350000e+00
9.333100000e+00
9.357225000e+00
