3.362500000e-02
3.285000000e-01
8.594750000e-01
8.944500000e-01
9.122750000e-01
1.149575000e+00
1.504300000e+00
2.159300000e+00
2.190550000e+00
2.390875000e+00
2.411400000e+00
2.653975000e+00
3.292475000e+00
3.331700000e+00
3.382300000e+00
3.567675000e+00
3.722525000e+00
3.887600000e+00
4.206100000e+00
4.262925000e+00
4.271975000e+00
4.306925000e+00
4.319650000e+00
4.458225000e+00
5.009400000e+00
5.269625000e+00
5.376325000e+00
5.430825000e+00
5.636650000e+00
5.675300000e+00
5.890250000e+00
6.025500000e+00
6.390800000e+00
6.435425000e+00
6.732400000e+00
7.539325000e+00
8.820200000e+00
8.920475000e+00
9.263050000e+00
9.477725000e+00
