5.332500000e-01
6.042000000e-01
7.521000000e-01
8.778000000e-01
1.087650000e+00
1.144700000e+00
1.679150000e+00
1.774400000e+00
1.890775000e+00
1.918300000e+00
2.611975000e+00
3.177325000e+00
3.235725000e+00
3.309875000e+00
3.529450000e+00
3.736825000e+00
3.923275000e+00
3.994675000e+00
4.199850000e+00
4.603050000e+00
4.713200000e+00
4.736900000e+00
4.929700000e+00
5.347050000e+00
5.509925000e+00
6.091725000e+00
6.647500000e+00
6.701025000e+00
6.926375000e+00
7.052925000e+00
7.733350000e+00
7.811400000e+00
7.817475000e+00
8.025225000e+00
8.418550000e+00
8.627625000e+00
8.921975000e+00
9.368625000e+00
9.629250000e+00
9.855275000e+00
