5.750000000e-04
2.017500000e-01
4.049750000e-01
6.487250000e-01
7.964250000e-01
1.463000000e+00
1.511575000e+00
1.836175000e+00
1.847950000e+00
2.049900000e+00
2.123275000e+00
2.328625000e+00
2.397125000e+00
2.632050000e+00
3.157475000e+00
3.240050000e+00
3.677925000e+00
4.306050000e+00
4.383200000e+00
4.735600000e+00
5.213875000e+00
5.577775000e+00
5.992975000e+00
6.008700000e+00
6.032350000e+00
6.149475000e+00
6.206500000e+00
6.891675000e+00
6.946475000e+00
7.566550000e+00
7.962750000e+00
8.119650000e+00
8.193875000e+00
8.692225000e+00
9.205500000e+00
9.298925000e+00
9.309625000e+00
9.425825000e+00
9.435275000e+00
9.653575000e+00
