1.971500000e-01
7.402500000e-01
7.953750000e-01
8.177500000e-01
1.028625000e+00
1.193100000e+00
1.298675000e+00
1.852275000e+00
2.767275000e+00
2.997700000e+00
3.252125000e+00
3.532950000e+00
3.951075000e+00
4.133700000e+00
4.223925000e+00
4.564425000e+00
4.779150000e+00
4.970925000e+00
5.224525000e+00
5.663250000e+00
5.733200000e+00
5.870725000e+00
5.987200000e+00
5.993300000e+00
6.211525000e+00
6.647975000e+00
6.946400000e+00
7.043725000e+00
7.155150000e+00
7.167275000e+00
7.397750000e+00
7.453025000e+00
7.503000000e+00
8.032575000e+00
8.159875000e+00
8.520675000e+00
9.260225000e+00
9.465350000e+00
9.509775000e+00
9.675650000e+00
