9.800000000e-03
5.877500000e-02
1.026500000e-01
1.883250000e-01
8.857750000e-01
1.310825000e+00
1.395100000e+00
1.673750000e+00
1.771475000e+00
2.189250000e+00
2.539350000e+00
2.658025000e+00
2.711700000e+00
2.862075000e+00
3.661625000e+00
3.993200000e+00
4.099875000e+00
4.284575000e+00
4.364050000e+00
4.571825000e+00
4.632425000e+00
4.913525000e+00
5.386100000e+00
5.634600000e+00
5.771700000e+00
6.303075000e+00
6.465825000e+00
7.022475000e+00
7.200600000e+00
7.348225000e+00
7.738250000e+00
7.776375000e+00
7.783700000e+00
8.012250000e+00
8.050375000e+00
8.703800000e+00
8.889300000e+00
8.992875000e+00
9.124500000e+00
9.674075000e+00
