4.535000000e-02
1.942500000e-01
4.983750000e-01
9.442000000e-01
1.069375000e+00
1.082425000e+00
1.329950000e+00
1.549325000e+00
2.158150000e+00
2.971850000e+00
3.209800000e+00
3.227825000e+00
3.392875000e+00
3.825275000e+00
3.862750000e+00
3.918650000e+00
4.236325000e+00
4.257025000e+00
4.334425000e+00
4.474275000e+00
5.027725000e+00
5.149300000e+00
5.845800000e+00
5.935900000e+00
6.549825000e+00
6.732650000e+00
6.868175000e+00
6.878575000e+00
7.129650000e+00
7.136475000e+00
8.112300000e+00
8.183650000e+00
8.279100000e+00
8.550750000e+00
8.582200000e+00
8.773750000e+00
8.888875000e+00
9.414075000e+00
9.644800000e+00
9.771000000e+00
